[gd_scene load_steps=8 format=2]

[ext_resource path="res://Materials/hiearoglyphs.tres" type="Material" id=1]
[ext_resource path="res://Scripts/PuzzleDual.gd" type="Script" id=2]
[ext_resource path="res://Scenes/PuzzlePiece.tscn" type="PackedScene" id=3]
[ext_resource path="res://Models/globe_base.obj" type="ArrayMesh" id=4]
[ext_resource path="res://Models/globe-earth.obj" type="ArrayMesh" id=5]

[sub_resource type="PlaneMesh" id=1]
size = Vector2( 30, 30 )

[sub_resource type="Environment" id=2]
background_mode = 1
background_color = Color( 0.141176, 0.12549, 0.211765, 1 )
ambient_light_color = Color( 0.12549, 0.117647, 0.141176, 1 )

[node name="Puzzle" type="Spatial"]
script = ExtResource( 2 )

[node name="WallShadows" type="MeshInstance" parent="."]
transform = Transform( 1, 0, 0, 0, -1.62921e-07, -1, 0, 1, -1.62921e-07, 4.9, 0, -11 )
mesh = SubResource( 1 )
material/0 = ExtResource( 1 )

[node name="WallUnused" type="MeshInstance" parent="."]
transform = Transform( -1.62921e-07, -1, 0, -1.62921e-07, 2.65431e-14, -1, 1, -1.62921e-07, -1.62921e-07, 13.9, 0, 6.9 )
visible = false
mesh = SubResource( 1 )
material/0 = ExtResource( 1 )

[node name="PuzzlePrim" parent="." instance=ExtResource( 3 )]
transform = Transform( 1, 0, 0, 0, 1, 0, 0, 0, 1, 1.5, 1, 0 )
mesh = ExtResource( 4 )
quat_goal = Quat( 0.0499844, 0.0899719, 0, 0.994689 )
t_offset = Vector3( 1.5, 1, 0 )
t_scale = 0.05

[node name="PuzzleSec" parent="." instance=ExtResource( 3 )]
mesh = ExtResource( 5 )
t_scale = 0.05

[node name="Camera" type="Camera" parent="."]
transform = Transform( 0.939693, 0, -0.34202, 0, 1, 0, 0.34202, 0, 0.939693, -2, -1, 3 )

[node name="SpotLight" type="SpotLight" parent="."]
transform = Transform( 0.997018, 0, -0.0771715, 0, 1, 0, 0.0771715, 0, 0.997018, 0.6, 0, 3 )
light_color = Color( 0.898039, 0.721569, 0.564706, 1 )
shadow_enabled = true
shadow_color = Color( 0.12549, 0.117647, 0.141176, 1 )
shadow_reverse_cull_face = true
spot_range = 18.0
spot_attenuation = 0.594604
spot_angle = 35.0
spot_angle_attenuation = 1.36604

[node name="WorldEnvironment" type="WorldEnvironment" parent="."]
environment = SubResource( 2 )

[node name="DirectionalLight" type="DirectionalLight" parent="."]
transform = Transform( 0.148754, 0.975282, -0.163393, -0.148754, 0.18542, 0.971335, 0.977622, -0.120185, 0.172659, -9, 0, 3.83527 )
light_color = Color( 0.682353, 0.654902, 0.772549, 1 )
light_energy = 0.25
shadow_enabled = true
shadow_reverse_cull_face = true
