[gd_scene load_steps=7 format=2]

[ext_resource path="res://Scenes/Levels/LevelAnimationStart.tres" type="Animation" id=1]
[ext_resource path="res://Scripts/PuzzleDual.gd" type="Script" id=2]
[ext_resource path="res://Scenes/PuzzlePiece.tscn" type="PackedScene" id=3]
[ext_resource path="res://Models/globe-earth.obj" type="ArrayMesh" id=4]
[ext_resource path="res://Models/globe_base.obj" type="ArrayMesh" id=5]
[ext_resource path="res://Scenes/Levels/LevelAnimationNext.tres" type="Animation" id=6]

[node name="Puzzle" type="Spatial"]
transform = Transform( 1, 0, 0, 0, 1, 0, 0, 0, 1, 20, 0, 0 )
script = ExtResource( 2 )
tuto_goal = 4
tuto_current = 3
offset_margin = 0.2

[node name="PuzzlePrim" parent="." instance=ExtResource( 3 )]
transform = Transform( 1, 0, 0, 0, 1, 0, 0, 0, 1, -0.208, -0.163, 0 )
mesh = ExtResource( 5 )
euler_start = Vector3( -0.553, -1.013, -0.61 )
goals = [ Basis( 0.991, -0.117, 0.061, -0.071, -0.085, 0.993, -0.111, -0.989, -0.093 ), Basis( -0.996, 0.005, 0.09, 0.089, 0.026, 0.996, 0.002, 1, -0.027 ) ]
goal_margin = 0.3
h_scale = 0.003
v_scale = 0.06
t_offset = Vector3( -0.208, -0.163, 0 )
t_scale = 0.05
t_limit_y = 1.5

[node name="PuzzleSec" parent="." instance=ExtResource( 3 )]
transform = Transform( 1, 0, 0, 0, 1, 0, 0, 0, 1, 0.591, 0.527, 0 )
mesh = ExtResource( 4 )
euler_start = Vector3( 0, -0.764, -0.164 )
goals = [ Basis( 0.256, -0.099, 0.961, 0.964, -0.046, -0.261, 0.071, 0.994, 0.083 ), Basis( 0.363, -0.038, 0.931, -0.932, -0.016, 0.363, 0.001, -0.999, -0.041 ) ]
goal_axis = 2
goal_margin = 0.3
h_scale = 0.003
v_scale = 0.06
t_offset = Vector3( 0.591, 0.527, 0 )
t_scale = 0.05
t_limit_y = 1.5

[node name="AnimationPlayer" type="AnimationPlayer" parent="."]
anims/LevelAnimationNext = ExtResource( 6 )
anims/LevelAnimationStart = ExtResource( 1 )

[node name="Timer" type="Timer" parent="."]
one_shot = true
[connection signal="moved" from="PuzzlePrim" to="." method="_on_PuzzlePrim_moved"]
[connection signal="started_first_rot" from="PuzzlePrim" to="." method="_on_PuzzlePiece_started_first_rot"]
[connection signal="started_second_rot" from="PuzzlePrim" to="." method="_on_PuzzlePiece_started_second_rot"]
[connection signal="started_trans" from="PuzzlePrim" to="." method="_on_PuzzlePiece_started_trans"]
[connection signal="moved" from="PuzzleSec" to="." method="_on_PuzzleSec_moved"]
[connection signal="started_first_rot" from="PuzzleSec" to="." method="_on_PuzzlePiece_started_first_rot"]
[connection signal="started_second_rot" from="PuzzleSec" to="." method="_on_PuzzlePiece_started_second_rot"]
[connection signal="started_trans" from="PuzzleSec" to="." method="_on_PuzzlePiece_started_trans"]
[connection signal="animation_finished" from="AnimationPlayer" to="." method="_on_AnimationPlayer_animation_finished"]
[connection signal="timeout" from="Timer" to="." method="_on_Timer_timeout"]
